nyou 411 22871 0.017653122584 0.982346877416
proposal 293 22101 0.0130838617487 0.986916138251
hello 38 4279 0.00880240908038 0.99119759092
ps 8 1294 0.00614439324117 0.993855606759
vcr 20 987 0.0198609731877 0.980139026812
coordinator 17 932 0.0179135932561 0.982086406744
ntherefore 17 849 0.0196304849885 0.980369515012
proposed 15 796 0.0184956843403 0.98150431566
proposing 11 769 0.0141025641026 0.985897435897
sony 11 639 0.0169230769231 0.983076923077
shipping 8 637 0.0124031007752 0.987596899225
sunset 7 559 0.0123674911661 0.987632508834
taks 9 471 0.01875 0.98125
staten 7 435 0.0158371040724 0.984162895928
disneyland 4 404 0.00980392156863 0.990196078431
winston 7 393 0.0175 0.9825
salem 6 358 0.0164835164835 0.983516483516
prone 5 337 0.0146198830409 0.985380116959
compton 5 317 0.0155279503106 0.984472049689
cricut 5 314 0.0156739811912 0.984326018809
brownsville 0 305 0.0 1.0
rita 4 283 0.01393728223 0.98606271777
durham 2 273 0.00727272727273 0.992727272727
phonemes 5 261 0.0187969924812 0.981203007519
albany 2 261 0.00760456273764 0.992395437262
southside 4 252 0.015625 0.984375
ged 5 251 0.01953125 0.98046875
charleston 5 247 0.0198412698413 0.980158730159
englewood 1 238 0.00418410041841 0.995815899582
vapa 2 235 0.0084388185654 0.991561181435
distinguishing 4 227 0.017316017316 0.982683982684
activites 3 218 0.0135746606335 0.986425339367
favorably 2 216 0.00917431192661 0.990825688073
workable 4 212 0.0185185185185 0.981481481481
dibels 4 206 0.0190476190476 0.980952380952
cynthia 3 204 0.0144927536232 0.985507246377
bulling 3 184 0.0160427807487 0.983957219251
sketchpad 2 179 0.0110497237569 0.988950276243
bushwick 1 174 0.00571428571429 0.994285714286
eip 2 173 0.0114285714286 0.988571428571
reconstruction 3 172 0.0171428571429 0.982857142857
html 3 168 0.0175438596491 0.982456140351
licensed 3 167 0.0176470588235 0.982352941176
graphically 3 166 0.0177514792899 0.98224852071
chronological 2 165 0.0119760479042 0.988023952096
educable 1 163 0.00609756097561 0.993902439024
tee 2 161 0.0122699386503 0.98773006135
kinect 3 158 0.0186335403727 0.981366459627
pender 0 156 0.0 1.0
quantum 0 155 0.0 1.0
stuyvesant 3 154 0.0191082802548 0.980891719745
implore 2 152 0.012987012987 0.987012987013
scaled 2 148 0.0133333333333 0.986666666667
dodgeball 3 148 0.0198675496689 0.980132450331
lapboard 1 144 0.00689655172414 0.993103448276
blaster 2 143 0.0137931034483 0.986206896552
spielberg 2 142 0.0138888888889 0.986111111111
flashdrives 2 142 0.0138888888889 0.986111111111
nchildhood 2 138 0.0142857142857 0.985714285714
nsincerely 0 135 0.0 1.0
preparations 2 131 0.015037593985 0.984962406015
finalize 1 131 0.00757575757576 0.992424242424
welding 2 130 0.0151515151515 0.984848484848
nourishment 2 130 0.0151515151515 0.984848484848
infocus 2 130 0.0151515151515 0.984848484848
fasteners 2 130 0.0151515151515 0.984848484848
scoreboard 2 129 0.0152671755725 0.984732824427
circumference 2 129 0.0152671755725 0.984732824427
geometer 1 128 0.0077519379845 0.992248062016
fieldtrips 1 127 0.0078125 0.9921875
trustworthiness 1 125 0.00793650793651 0.992063492063
woodworking 2 123 0.016 0.984
quizmo 1 123 0.00806451612903 0.991935483871
blackberry 1 123 0.00806451612903 0.991935483871
archery 2 122 0.0161290322581 0.983870967742
nideally 0 120 0.0 1.0
dispel 1 120 0.00826446280992 0.99173553719
slidell 0 118 0.0 1.0
esteems 1 117 0.00847457627119 0.991525423729
bumped 2 117 0.0168067226891 0.983193277311
fellows 2 115 0.017094017094 0.982905982906
institutional 2 113 0.0173913043478 0.982608695652
outing 1 112 0.00884955752212 0.991150442478
shelved 0 111 0.0 1.0
staging 2 110 0.0178571428571 0.982142857143
handhelds 0 110 0.0 1.0
adjective 2 110 0.0178571428571 0.982142857143
meyer 2 108 0.0181818181818 0.981818181818
bunting 1 108 0.00917431192661 0.990825688073
spinner 2 107 0.0183486238532 0.981651376147
segmentation 1 107 0.00925925925926 0.990740740741
mounts 1 107 0.00925925925926 0.990740740741
infected 1 107 0.00925925925926 0.990740740741
cdc 1 107 0.00925925925926 0.990740740741
surr 0 106 0.0 1.0
livestock 1 106 0.00934579439252 0.990654205607
irving 1 106 0.00934579439252 0.990654205607
allergic 2 106 0.0185185185185 0.981481481481
watersheds 2 105 0.018691588785 0.981308411215
receipt 2 105 0.018691588785 0.981308411215
decrepit 2 105 0.018691588785 0.981308411215
eradicate 2 104 0.0188679245283 0.981132075472
tacky 2 103 0.0190476190476 0.980952380952
checkbooks 1 103 0.00961538461538 0.990384615385
cardinal 2 103 0.0190476190476 0.980952380952
saga 2 102 0.0192307692308 0.980769230769
reproduced 2 102 0.0192307692308 0.980769230769
lou 0 102 0.0 1.0
lemony 2 102 0.0192307692308 0.980769230769
drawbacks 2 102 0.0192307692308 0.980769230769
multifunctional 1 101 0.00980392156863 0.990196078431
mandeville 0 101 0.0 1.0
fax 2 101 0.0194174757282 0.980582524272
conform 2 101 0.0194174757282 0.980582524272
bookwork 0 101 0.0 1.0
skating 1 100 0.00990099009901 0.990099009901
childcraft 2 100 0.0196078431373 0.980392156863
allergy 2 100 0.0196078431373 0.980392156863
nadditional 2 99 0.019801980198 0.980198019802
ella 2 99 0.019801980198 0.980198019802
crt 2 99 0.019801980198 0.980198019802
comprehended 2 99 0.019801980198 0.980198019802
woodlake 0 98 0.0 1.0
deteriorate 1 98 0.010101010101 0.989898989899
moviemaker 1 95 0.0104166666667 0.989583333333
childs 0 94 0.0 1.0
melinda 1 93 0.0106382978723 0.989361702128
hers 1 92 0.010752688172 0.989247311828
eyeglasses 1 92 0.010752688172 0.989247311828
endorsement 1 91 0.0108695652174 0.989130434783
earhart 1 91 0.0108695652174 0.989130434783
sanitized 1 90 0.010989010989 0.989010989011
powershot 1 90 0.010989010989 0.989010989011
encased 1 90 0.010989010989 0.989010989011
denham 0 90 0.0 1.0
bunche 0 90 0.0 1.0
shredded 1 89 0.0111111111111 0.988888888889
raiser 1 89 0.0111111111111 0.988888888889
posterity 1 88 0.0112359550562 0.988764044944
vengeance 1 87 0.0113636363636 0.988636363636
bayview 1 87 0.0113636363636 0.988636363636
valedictorian 1 86 0.0114942528736 0.988505747126
nflip 1 86 0.0114942528736 0.988505747126
boomwhacker 1 86 0.0114942528736 0.988505747126
possessed 1 85 0.0116279069767 0.988372093023
credential 1 85 0.0116279069767 0.988372093023
tiresome 1 84 0.0117647058824 0.988235294118
ncolored 1 84 0.0117647058824 0.988235294118
nmicroscopes 1 83 0.0119047619048 0.988095238095
fayetteville 1 83 0.0119047619048 0.988095238095
soundview 0 82 0.0 1.0
runoff 1 82 0.0120481927711 0.987951807229
redundant 0 82 0.0 1.0
evacuees 0 82 0.0 1.0
nobles 0 81 0.0 1.0
misplacing 1 81 0.0121951219512 0.987804878049
hyde 1 81 0.0121951219512 0.987804878049
embryology 1 81 0.0121951219512 0.987804878049
accolades 1 81 0.0121951219512 0.987804878049
trapezoid 1 80 0.0123456790123 0.987654320988
transience 0 80 0.0 1.0
pulp 1 80 0.0123456790123 0.987654320988
ballroom 1 80 0.0123456790123 0.987654320988
leisurely 1 79 0.0125 0.9875
inhibitions 1 79 0.0125 0.9875
criterion 1 79 0.0125 0.9875
fairies 1 78 0.0126582278481 0.987341772152
asthmatic 0 78 0.0 1.0
ari 0 78 0.0 1.0
ana 1 78 0.0126582278481 0.987341772152
personalization 1 77 0.0128205128205 0.987179487179
lawndale 1 77 0.0128205128205 0.987179487179
edgewater 0 77 0.0 1.0
commemorate 1 77 0.0128205128205 0.987179487179
camino 0 77 0.0 1.0
burgaw 0 77 0.0 1.0
retains 1 76 0.012987012987 0.987012987013
nuevo 0 76 0.0 1.0
neatest 1 76 0.012987012987 0.987012987013
mountainous 1 76 0.012987012987 0.987012987013
repeaters 0 75 0.0 1.0
intermixed 0 75 0.0 1.0
coupon 0 75 0.0 1.0
abiotic 1 75 0.0131578947368 0.986842105263
toothbrush 1 74 0.0133333333333 0.986666666667
fusion 1 74 0.0133333333333 0.986666666667
fitnessgram 1 74 0.0133333333333 0.986666666667
contra 1 74 0.0133333333333 0.986666666667
commercially 1 74 0.0133333333333 0.986666666667
scraped 1 73 0.0135135135135 0.986486486486
materialize 0 73 0.0 1.0
markerboard 0 73 0.0 1.0
jingles 1 73 0.0135135135135 0.986486486486
gosh 1 73 0.0135135135135 0.986486486486
gecko 1 73 0.0135135135135 0.986486486486
ellington 1 73 0.0135135135135 0.986486486486
easyshare 0 73 0.0 1.0
xoom 1 72 0.013698630137 0.986301369863
tots 1 72 0.013698630137 0.986301369863
parabolas 1 72 0.013698630137 0.986301369863
nlaptops 0 72 0.0 1.0
interwrite 1 72 0.013698630137 0.986301369863
georgetown 1 72 0.013698630137 0.986301369863
etched 1 72 0.013698630137 0.986301369863
tempura 1 71 0.0138888888889 0.986111111111
refreshments 1 71 0.0138888888889 0.986111111111
probook 1 71 0.0138888888889 0.986111111111
navigator 1 71 0.0138888888889 0.986111111111
motel 0 71 0.0 1.0
heightens 1 71 0.0138888888889 0.986111111111
draining 1 71 0.0138888888889 0.986111111111
dino 1 71 0.0138888888889 0.986111111111
developer 1 71 0.0138888888889 0.986111111111
unitedstreaming 1 70 0.0140845070423 0.985915492958
hayward 1 70 0.0140845070423 0.985915492958
closures 1 70 0.0140845070423 0.985915492958
redesigned 1 69 0.0142857142857 0.985714285714
pltw 1 69 0.0142857142857 0.985714285714
notified 1 69 0.0142857142857 0.985714285714
mildred 1 69 0.0142857142857 0.985714285714
mcgraw 1 69 0.0142857142857 0.985714285714
environmentalist 1 69 0.0142857142857 0.985714285714
wedding 1 68 0.0144927536232 0.985507246377
separations 1 68 0.0144927536232 0.985507246377
scrimmage 1 68 0.0144927536232 0.985507246377
pill 1 68 0.0144927536232 0.985507246377
pedro 1 68 0.0144927536232 0.985507246377
nthanking 0 68 0.0 1.0
buster 1 68 0.0144927536232 0.985507246377
reversible 1 67 0.0147058823529 0.985294117647
regrettably 1 67 0.0147058823529 0.985294117647
racers 1 67 0.0147058823529 0.985294117647
questionable 1 67 0.0147058823529 0.985294117647
guppies 1 67 0.0147058823529 0.985294117647
fragility 1 67 0.0147058823529 0.985294117647
clipart 1 67 0.0147058823529 0.985294117647
braces 1 67 0.0147058823529 0.985294117647
unsharpened 1 66 0.0149253731343 0.985074626866
recollect 1 66 0.0149253731343 0.985074626866
mingle 1 66 0.0149253731343 0.985074626866
medications 1 66 0.0149253731343 0.985074626866
leopard 0 66 0.0 1.0
fieldtrip 0 66 0.0 1.0
familiarized 1 66 0.0149253731343 0.985074626866
shoebox 1 65 0.0151515151515 0.984848484848
palmetto 0 65 0.0 1.0
outcasts 1 65 0.0151515151515 0.984848484848
oatmeal 1 65 0.0151515151515 0.984848484848
kidpix 1 65 0.0151515151515 0.984848484848
fright 1 65 0.0151515151515 0.984848484848
barometers 1 65 0.0151515151515 0.984848484848
affixes 1 65 0.0151515151515 0.984848484848
weathered 1 64 0.0153846153846 0.984615384615
vets 1 64 0.0153846153846 0.984615384615
tenderloin 0 64 0.0 1.0
sini 0 64 0.0 1.0
pollock 1 64 0.0153846153846 0.984615384615
ons 1 64 0.0153846153846 0.984615384615
jumble 0 64 0.0 1.0
inverse 1 64 0.0153846153846 0.984615384615
docents 1 64 0.0153846153846 0.984615384615
cabrini 1 64 0.0153846153846 0.984615384615
brittle 0 64 0.0 1.0
blokus 0 64 0.0 1.0
stoplight 1 63 0.015625 0.984375
pretended 1 63 0.015625 0.984375
pix 1 63 0.015625 0.984375
mott 0 63 0.0 1.0
electromagnetism 1 63 0.015625 0.984375
claus 0 63 0.0 1.0
advertised 1 63 0.015625 0.984375
admin 0 63 0.0 1.0
victimized 1 62 0.015873015873 0.984126984127
rabid 0 62 0.0 1.0
pictionary 1 62 0.015873015873 0.984126984127
panhandle 1 62 0.015873015873 0.984126984127
