scholars 933 6662 0.1228439763 0.8771560237
incredibly 900 7618 0.105658605306 0.894341394694
passionate 774 6483 0.106655642828 0.893344357172
vibrant 496 4265 0.104179794161 0.895820205839
hunger 495 3943 0.111536728256 0.888463271744
funny 464 4146 0.100650759219 0.899349240781
deserves 453 3944 0.103024789629 0.896975210371
invested 358 3133 0.102549412776 0.897450587224
odds 355 3125 0.102011494253 0.897988505747
thoughtful 327 2904 0.101207056639 0.898792943361
resilient 294 2290 0.113777089783 0.886222910217
immersion 289 2497 0.103732950467 0.896267049533
perseverance 212 1868 0.101923076923 0.898076923077
empathy 207 1791 0.103603603604 0.896396396396
stamina 206 1653 0.110812264658 0.889187735342
ndonating 194 1699 0.102482831484 0.897517168516
massachusetts 194 1487 0.115407495538 0.884592504462
philadelphia 192 1130 0.145234493192 0.854765506808
compassionate 186 1604 0.103910614525 0.896089385475
identity 180 1575 0.102564102564 0.897435897436
gateway 176 1432 0.109452736318 0.890547263682
voracious 175 1397 0.111323155216 0.888676844784
refugee 147 1098 0.118072289157 0.881927710843
reservation 143 836 0.14606741573 0.85393258427
drumming 142 1075 0.116680361545 0.883319638455
montessori 141 1155 0.108796296296 0.891203703704
lawyers 137 1061 0.114357262104 0.885642737896
tailored 131 1165 0.101080246914 0.898919753086
joyful 129 1125 0.102870813397 0.897129186603
potter 127 1079 0.105306799337 0.894693200663
anchor 122 1027 0.106179286336 0.893820713664
passions 118 891 0.116947472745 0.883052527255
devour 118 1044 0.101549053356 0.898450946644
baltimore 118 782 0.131111111111 0.868888888889
zip 114 913 0.11100292113 0.88899707887
exponentially 114 929 0.109300095877 0.890699904123
vietnamese 111 937 0.105916030534 0.894083969466
minnesota 111 921 0.107558139535 0.892441860465
statistic 108 941 0.102955195424 0.897044804576
scholar 108 778 0.121896162528 0.878103837472
excuses 107 956 0.100658513641 0.899341486359
craving 105 796 0.11653718091 0.88346281909
spirited 104 791 0.116201117318 0.883798882682
hilarious 104 634 0.140921409214 0.859078590786
trajectory 101 472 0.176265270506 0.823734729494
bursting 101 796 0.11259754738 0.88740245262
dahl 100 873 0.102774922919 0.897225077081
facebook 97 790 0.109357384442 0.890642615558
epson 97 859 0.101464435146 0.898535564854
appetite 96 852 0.101265822785 0.898734177215
turnaround 95 483 0.164359861592 0.835640138408
insightful 94 706 0.1175 0.8825
impress 92 816 0.101321585903 0.898678414097
unstable 91 814 0.100552486188 0.899447513812
roald 90 796 0.10158013544 0.89841986456
exceptionally 90 791 0.102156640182 0.897843359818
resilience 86 617 0.122332859175 0.877667140825
believed 83 733 0.101715686275 0.898284313725
mindset 82 689 0.10635538262 0.89364461738
annotate 82 600 0.120234604106 0.879765395894
navigating 81 700 0.10371318822 0.89628681178
quotes 78 666 0.104838709677 0.895161290323
historians 78 648 0.107438016529 0.892561983471
codes 78 700 0.100257069409 0.899742930591
tapping 77 686 0.100917431193 0.899082568807
relatable 77 641 0.107242339833 0.892757660167
hokki 77 467 0.141544117647 0.858455882353
urgency 76 422 0.152610441767 0.847389558233
founding 76 516 0.128378378378 0.871621621622
embracing 76 603 0.111929307806 0.888070692194
identities 75 530 0.123966942149 0.876033057851
lean 74 660 0.100817438692 0.899182561308
injustice 72 516 0.122448979592 0.877551020408
zest 71 560 0.112519809826 0.887480190174
trauma 71 513 0.121575342466 0.878424657534
recommendations 71 559 0.112698412698 0.887301587302
robust 70 379 0.155902004454 0.844097995546
revolutionize 70 625 0.10071942446 0.89928057554
reeds 70 543 0.114192495922 0.885807504078
innate 69 608 0.101920236337 0.898079763663
hug 69 551 0.111290322581 0.888709677419
exemplar 69 520 0.11714770798 0.88285229202
defy 69 391 0.15 0.85
stool 68 519 0.115843270869 0.884156729131
regulate 68 605 0.101040118871 0.898959881129
pathways 68 542 0.111475409836 0.888524590164
chant 68 428 0.137096774194 0.862903225806
hail 67 582 0.103235747304 0.896764252696
advocates 67 515 0.115120274914 0.884879725086
trilogy 66 390 0.144736842105 0.855263157895
architects 64 567 0.101426307448 0.898573692552
diving 63 521 0.107876712329 0.892123287671
salvador 62 522 0.106164383562 0.893835616438
percy 62 472 0.116104868914 0.883895131086
grit 61 231 0.208904109589 0.791095890411
transformational 60 214 0.21897810219 0.78102189781
strongest 60 491 0.10889292196 0.89110707804
navajo 60 282 0.175438596491 0.824561403509
kinders 60 519 0.103626943005 0.896373056995
dreamers 60 420 0.125 0.875
crack 59 490 0.107468123862 0.892531876138
angelou 59 497 0.106115107914 0.893884892086
rhode 58 406 0.125 0.875
agents 58 512 0.101754385965 0.898245614035
wars 57 503 0.101785714286 0.898214285714
sketchbooks 57 476 0.106941838649 0.893058161351
similarly 57 496 0.103074141049 0.896925858951
cease 57 495 0.103260869565 0.896739130435
awful 57 498 0.102702702703 0.897297297297
pablo 56 413 0.119402985075 0.880597014925
courageous 56 485 0.103512014787 0.896487985213
autonomy 56 395 0.124168514412 0.875831485588
steve 55 488 0.101289134438 0.898710865562
persistence 55 448 0.109343936382 0.890656063618
innovators 55 462 0.106382978723 0.893617021277
comforting 55 485 0.101851851852 0.898148148148
warmth 54 442 0.108870967742 0.891129032258
spunky 54 369 0.127659574468 0.872340425532
urgent 53 385 0.12100456621 0.87899543379
officers 53 476 0.100189035917 0.899810964083
frederick 53 376 0.123543123543 0.876456876457
flipped 52 448 0.104 0.896
detroit 52 400 0.115044247788 0.884955752212
pants 51 395 0.114349775785 0.885650224215
signing 50 444 0.101214574899 0.898785425101
satisfied 50 423 0.105708245243 0.894291754757
naccess 50 420 0.106382978723 0.893617021277
charismatic 50 297 0.14409221902 0.85590778098
advocacy 50 352 0.124378109453 0.875621890547
positivity 49 233 0.173758865248 0.826241134752
persistent 49 332 0.128608923885 0.871391076115
empathetic 49 438 0.100616016427 0.899383983573
edmodo 49 337 0.126943005181 0.873056994819
douglass 49 326 0.130666666667 0.869333333333
circumstance 49 393 0.110859728507 0.889140271493
unlocking 48 384 0.111111111111 0.888888888889
tenacity 48 289 0.142433234421 0.857566765579
survivor 48 368 0.115384615385 0.884615384615
prezi 48 278 0.147239263804 0.852760736196
khan 48 397 0.107865168539 0.892134831461
collins 48 361 0.117359413203 0.882640586797
ukulele 47 347 0.119289340102 0.880710659898
transformative 47 302 0.134670487106 0.865329512894
stellar 47 386 0.108545034642 0.891454965358
raw 47 367 0.113526570048 0.886473429952
discourse 47 327 0.125668449198 0.874331550802
destiny 47 380 0.110070257611 0.889929742389
denver 47 311 0.131284916201 0.868715083799
witty 46 387 0.10623556582 0.89376443418
willems 46 359 0.113580246914 0.886419753086
embody 46 252 0.154362416107 0.845637583893
dakota 46 384 0.106976744186 0.893023255814
weapon 45 393 0.102739726027 0.897260273973
unlocks 45 275 0.140625 0.859375
ukuleles 45 349 0.11421319797 0.88578680203
resiliency 45 319 0.123626373626 0.876373626374
remembers 45 385 0.104651162791 0.895348837209
protagonist 45 354 0.112781954887 0.887218045113
nepal 45 295 0.132352941176 0.867647058824
holistic 45 324 0.121951219512 0.878048780488
earliest 45 400 0.101123595506 0.898876404494
unused 44 394 0.100456621005 0.899543378995
scholarly 44 305 0.126074498567 0.873925501433
statistically 43 339 0.112565445026 0.887434554974
rank 43 334 0.114058355438 0.885941644562
meaningfully 43 329 0.115591397849 0.884408602151
inequality 43 189 0.185344827586 0.814655172414
suzanne 42 261 0.138613861386 0.861386138614
hmong 42 329 0.11320754717 0.88679245283
gun 42 357 0.105263157895 0.894736842105
divergent 42 352 0.106598984772 0.893401015228
commute 42 366 0.102941176471 0.897058823529
augmentative 42 370 0.101941747573 0.898058252427
obsessed 41 334 0.109333333333 0.890666666667
grapple 41 307 0.117816091954 0.882183908046
emerson 41 266 0.133550488599 0.866449511401
diaries 41 367 0.100490196078 0.899509803922
carl 41 362 0.101736972705 0.898263027295
twitter 40 316 0.112359550562 0.887640449438
spacial 40 328 0.108695652174 0.891304347826
ravenous 40 266 0.130718954248 0.869281045752
optimism 40 300 0.117647058824 0.882352941176
infectious 40 294 0.119760479042 0.880239520958
gripping 40 256 0.135135135135 0.864864864865
adversities 40 359 0.100250626566 0.899749373434
reassure 39 187 0.172566371681 0.827433628319
philippines 39 345 0.1015625 0.8984375
crafted 39 305 0.113372093023 0.886627906977
sketchbook 38 302 0.111764705882 0.888235294118
illuminate 38 296 0.11377245509 0.88622754491
fidgets 38 316 0.107344632768 0.892655367232
devouring 38 290 0.115853658537 0.884146341463
changer 38 216 0.149606299213 0.850393700787
champions 38 305 0.110787172012 0.889212827988
bustling 38 284 0.11801242236 0.88198757764
announce 38 310 0.109195402299 0.890804597701
steer 37 330 0.100817438692 0.899182561308
ideals 37 319 0.10393258427 0.89606741573
rooted 36 314 0.102857142857 0.897142857143
rewind 36 270 0.117647058824 0.882352941176
numeracy 36 319 0.101408450704 0.898591549296
negotiate 36 275 0.11575562701 0.88424437299
fidgeting 36 307 0.104956268222 0.895043731778
endlessly 36 284 0.1125 0.8875
dystopian 36 299 0.107462686567 0.892537313433
cooler 36 302 0.10650887574 0.89349112426
burst 36 307 0.104956268222 0.895043731778
alexie 36 166 0.178217821782 0.821782178218
ngrowing 35 301 0.104166666667 0.895833333333
fate 35 278 0.111821086262 0.888178913738
clarinets 35 245 0.125 0.875
breadth 35 293 0.106707317073 0.893292682927
basement 35 295 0.106060606061 0.893939393939
swept 34 286 0.10625 0.89375
slight 34 247 0.120996441281 0.879003558719
runner 34 294 0.103658536585 0.896341463415
pep 34 305 0.100294985251 0.899705014749
fever 34 285 0.1065830721 0.8934169279
curled 34 304 0.100591715976 0.899408284024
uncertainty 33 276 0.106796116505 0.893203883495
seize 33 238 0.121771217712 0.878228782288
resonate 33 292 0.101538461538 0.898461538462
protagonists 33 207 0.1375 0.8625
pity 33 171 0.161764705882 0.838235294118
peruse 33 270 0.108910891089 0.891089108911
jokes 33 279 0.105769230769 0.894230769231
italian 33 254 0.114982578397 0.885017421603
giggle 33 269 0.109271523179 0.890728476821
excitable 33 236 0.122676579926 0.877323420074
epic 33 264 0.111111111111 0.888888888889
releases 32 210 0.132231404959 0.867768595041
katniss 32 85 0.273504273504 0.726495726496
injustices 32 265 0.107744107744 0.892255892256
frightening 32 279 0.102893890675 0.897106109325
exhausting 32 215 0.12955465587 0.87044534413
convincing 32 278 0.103225806452 0.896774193548
segregation 31 198 0.135371179039 0.864628820961
rick 31 260 0.106529209622 0.893470790378
punjabi 31 156 0.16577540107 0.83422459893
opinionated 31 191 0.13963963964 0.86036036036
intentional 31 210 0.128630705394 0.871369294606
fueled 31 201 0.133620689655 0.866379310345
forge 31 262 0.105802047782 0.894197952218
